2 9
5 9
6 9
7 9
11 5
15 5
16 8
19 9
20 3
21 3
22 3
25 8
26 9
27 5
28 8
29 8
30 8
31 8
32 5
33 2
35 8
36 5
38 5
39 5
45 8
46 9
47 9
51 9
53 9
54 9
55 9
56 8
57 8
60 2
62 8
63 8
67 8
72 9
74 9
79 3
81 8
82 8
83 8
84 2
85 3
86 3
0 8
1 2
3 9
4 3
8 9
9 9
10 3
12 2
13 2
14 3
17 3
18 2
23 5
24 2
34 8
37 9
40 9
41 5
42 2
43 5
44 9
48 3
49 5
50 9
52 3
58 9
59 2
61 9
64 9
65 9
66 9
68 5
69 5
70 5
71 9
73 9
75 5
76 9
77 5
78 5
80 8
